   3.5000
   3.5643
   3.6286
   3.6929
   3.7571
   3.8214
   3.8856
   3.9498
   4.0140
   4.0782
   4.1424
   4.2066
   4.2708
   4.3349
   4.3990
   4.4632
   4.5273
   4.5914
   4.6554
   4.7195
   4.7836
   4.8476
   4.9116
   4.9757
   5.0397
   5.1036
   5.1676
   5.2316
   5.2955
   5.3595
   5.4234
   5.4873
   5.5512
   5.6151
   5.6790
   5.7429
   5.8067
   5.8706
   5.9344
   5.9982
   6.0620
   6.1258
   6.1896
   6.2533
   6.3171
   6.3808
   6.4445
   6.5082
   6.5719
   6.6356
   6.6993
   6.7630
   6.8266
   6.8902
   6.9539
   7.0175
   7.0811
   7.1447
   7.2082
   7.2718
   7.3353
   7.3989
   7.4624
   7.5259
   7.5894
   7.6529
   7.7163
   7.7798
   7.8432
   7.9067
   7.9701
   8.0335
   8.0969
   8.1603
   8.2236
   8.2870
   8.3503
   8.4137
   8.4770
   8.5403
   8.6036
   8.6669
   8.7301
   8.7934
   8.8566
   8.9198
   8.9831
   9.0463
   9.1095
   9.1726
   9.2358
   9.2990
   9.3621
   9.4252
   9.4883
   9.5514
   9.6145
   9.6776
   9.7407
   9.8037
   9.8668
   9.9298
   9.9928
  10.0558
  10.1188
  10.1818
  10.2447
  10.3077
  10.3706
  10.4335
  10.4965
  10.5594
  10.6222
  10.6851
  10.7480
  10.8108
  10.8737
  10.9365
  10.9993
  11.0621
  11.1249
  11.1877
  11.2504
  11.3132
  11.3759
  11.4386
  11.5014
  11.5641
  11.6267
  11.6894
  11.7521
  11.8147
  11.8774
  11.9400
  12.0026
  12.0652
  12.1278
  12.1904
  12.2529
  12.3155
  12.3780
  12.4405
  12.5031
  12.5656
  12.6280
  12.6905
  12.7530
  12.8154
  12.8779
  12.9403
  13.0027
  13.0651
  13.1275
  13.1899
  13.2522
  13.3146
  13.3769
  13.4392
  13.5015
  13.5638
  13.6261
  13.6884
  13.7507
  13.8129
  13.8752
  13.9374
  13.9996
  14.0618
  14.1240
  14.1862
  14.2483
  14.3105
  14.3726
  14.4347
  14.4968
  14.5589
  14.6210
  14.6831
  14.7452
  14.8072
  14.8693
  14.9313
  14.9933
  15.0553
  15.1173
  15.1793
  15.2412
  15.3032
  15.3651
  15.4270
  15.4890
  15.5509
  15.6128
  15.6746
  15.7365
  15.7983
  15.8602
  15.9220
  15.9838
  16.0456
  16.1074
  16.1692
  16.2310
  16.2927
  16.3545
  16.4162
  16.4779
  16.5396
  16.6013
  16.6630
  16.7247
  16.7863
  16.8480
  16.9096
  16.9712
  17.0328
  17.0944
  17.1560
  17.2176
  17.2791
  17.3407
  17.4022
  17.4637
  17.5252
  17.5867
  17.6482
  17.7097
  17.7711
  17.8326
  17.8940
  17.9554
  18.0168
  18.0782
  18.1396
  18.2010
  18.2623
  18.3237
  18.3850
  18.4463
  18.5077
  18.5690
  18.6302
  18.6915
  18.7528
  18.8140
  18.8753
  18.9365
  18.9977
  19.0589
  19.1201
  19.1813
  19.2424
  19.3036
  19.3647
  19.4258
  19.4870
  19.5481
  19.6092
  19.6702
  19.7313
  19.7924
  19.8534
  19.9144
  19.9754
  20.0364
  20.0974
  20.1584
  20.2194
  20.2803
  20.3413
  20.4022
  20.4631
  20.5240
  20.5849
  20.6458
  20.7067
  20.7676
  20.8284
  20.8892
  20.9501
  21.0109
  21.0717
  21.1325
  21.1932
  21.2540
  21.3147
  21.3755
  21.4362
  21.4969
  21.5576
  21.6183
  21.6790
  21.7396
  21.8003
  21.8609
  21.9216
  21.9822
  22.0428
  22.1034
  22.1639
  22.2245
  22.2851
  22.3456
  22.4061
  22.4667
  22.5272
  22.5877
  22.6481
  22.7086
  22.7691
  22.8295
  22.8900
  22.9504
  23.0108
  23.0712
  23.1316
  23.1919
  23.2523
  23.3127
  23.3730
  23.4333
  23.4936
  23.5539
  23.6142
  23.6745
  23.7348
  23.7950
  23.8553
  23.9155
  23.9757
  24.0359
  24.0961
  24.1563
  24.2165
  24.2766
  24.3368
  24.3969
  24.4570
  24.5171
  24.5772
  24.6373
  24.6974
  24.7574
  24.8175
  24.8775
  24.9375
  24.9976
  25.0576
  25.1175
  25.1775
  25.2375
  25.2974
  25.3574
  25.4173
  25.4772
  25.5371
  25.5970
  25.6569
  25.7168
  25.7766
  25.8365
  25.8963
  25.9561
  26.0159
  26.0757
  26.1355
  26.1953
  26.2551
  26.3148
  26.3745
  26.4343
  26.4940
  26.5537
  26.6134
  26.6730
  26.7327
  26.7924
  26.8520
  26.9116
  26.9713
  27.0309
  27.0905
  27.1500
  27.2096
  27.2692
  27.3287
  27.3882
  27.4478
  27.5073
  27.5668
  27.6263
  27.6857
  27.7452
  27.8046
  27.8641
  27.9235
  27.9829
  28.0423
  28.1017
  28.1611
  28.2205
  28.2798
  28.3392
  28.3985
  28.4578
  28.5171
  28.5764
  28.6357
  28.6950
  28.7542
  28.8135
  28.8727
  28.9320
  28.9912
  29.0504
  29.1096
  29.1687
  29.2279
  29.2871
  29.3462
  29.4053
  29.4645
  29.5236
  29.5827
  29.6417
  29.7008
  29.7599
  29.8189
  29.8780
  29.9370
  29.9960
  30.0550
  30.1140
  30.1730
  30.2319
  30.2909
  30.3498
  30.4088
  30.4677
  30.5266
  30.5855
  30.6444
  30.7032
  30.7621
  30.8209
  30.8798
  30.9386
  30.9974
  31.0562
  31.1150
  31.1738
  31.2325
  31.2913
  31.3500
  31.4088
  31.4675
  31.5262
  31.5849
  31.6436
  31.7022
  31.7609
  31.8195
  31.8782
  31.9368
  31.9954
  32.0540
  32.1126
  32.1712
  32.2297
  32.2883
  32.3468
  32.4054
  32.4639
  32.5224
  32.5809
  32.6394
  32.6978
  32.7563
  32.8148
  32.8732
  32.9316
  32.9900
  33.0484
  33.1068
  33.1652
  33.2236
  33.2819
  33.3403
  33.3986
  33.4569
  33.5152
  33.5735
  33.6318
  33.6901
  33.7483
  33.8066
  33.8648
  33.9231
  33.9813
  34.0395
  34.0977
  34.1559
  34.2140
  34.2722
  34.3303
  34.3885
  34.4466
  34.5047
  34.5628
  34.6209
  34.6790
  34.7370
  34.7951
  34.8531
  34.9111
  34.9692
  35.0272
  35.0852
  35.1431
  35.2011
  35.2591
  35.3170
  35.3750
  35.4329
  35.4908
  35.5487
  35.6066
  35.6645
  35.7224
  35.7802
  35.8380
  35.8959
  35.9537
  36.0115
  36.0693
  36.1271
  36.1849
  36.2426
  36.3004
  36.3581
  36.4158
  36.4736
  36.5313
  36.5890
  36.6466
  36.7043
  36.7620
  36.8196
  36.8773
  36.9349
  36.9925
  37.0501
  37.1077
  37.1653
  37.2228
  37.2804
  37.3379
  37.3955
  37.4530
  37.5105
  37.5680
  37.6255
  37.6830
  37.7404
  37.7979
  37.8553
  37.9127
  37.9702
  38.0276
  38.0850
  38.1424
  38.1997
  38.2571
  38.3144
  38.3718
  38.4291
  38.4864
  38.5437
  38.6010
  38.6583
  38.7156
  38.7728
  38.8301
  38.8873
  38.9445
  39.0017
  39.0589
  39.1161
  39.1733
  39.2305
  39.2876
  39.3448
  39.4019
  39.4590
  39.5161
  39.5732
  39.6303
  39.6874
  39.7445
  39.8015
  39.8586
  39.9156
  39.9726
  40.0296
  40.0866
  40.1436
  40.2006
  40.2575
  40.3145
  40.3714
  40.4283
  40.4853
  40.5422
  40.5991
  40.6559
  40.7128
  40.7697
  40.8265
  40.8834
  40.9402
  40.9970
  41.0538
  41.1106
  41.1674
  41.2241
  41.2809
  41.3376
  41.3944
  41.4511
  41.5078
  41.5645
  41.6212
  41.6778
  41.7345
  41.7912
  41.8478
  41.9044
  41.9610
  42.0177
  42.0742
  42.1308
  42.1874
  42.2440
  42.3005
  42.3571
  42.4136
  42.4701
  42.5266
  42.5831
  42.6396
  42.6961
  42.7525
  42.8090
  42.8654
  42.9218
  42.9783
  43.0347
  43.0911
  43.1474
  43.2038
  43.2602
  43.3165
  43.3728
  43.4292
  43.4855
  43.5418
  43.5981
  43.6544
  43.7106
  43.7669
  43.8231
  43.8794
  43.9356
  43.9918
  44.0480
  44.1042
  44.1604
  44.2166
  44.2727
  44.3289
  44.3850
  44.4411
  44.4972
  44.5533
  44.6094
  44.6655
  44.7216
  44.7776
  44.8337
  44.8897
  44.9457
  45.0017
  45.0577
  45.1137
  45.1697
  45.2257
  45.2816
  45.3376
  45.3935
  45.4494
  45.5053
  45.5612
  45.6171
  45.6730
  45.7288
  45.7847
  45.8405
  45.8964
  45.9522
  46.0080
  46.0638
  46.1196
  46.1754
  46.2311
  46.2869
  46.3426
  46.3984
  46.4541
  46.5098
  46.5655
  46.6212
  46.6769
  46.7325
  46.7882
  46.8438
  46.8994
  46.9551
  47.0107
  47.0663
  47.1219
  47.1774
  47.2330
  47.2886
  47.3441
  47.3996
  47.4551
  47.5107
  47.5661
  47.6216
  47.6771
  47.7326
  47.7880
  47.8435
  47.8989
  47.9543
  48.0097
  48.0651
  48.1205
  48.1759
  48.2313
  48.2866
  48.3420
  48.3973
  48.4526
  48.5079
  48.5632
  48.6185
  48.6738
  48.7290
  48.7843
  48.8395
  48.8948
  48.9500
  49.0052
  49.0604
  49.1156
  49.1708
  49.2259
  49.2811
  49.3362
  49.3914
  49.4465
  49.5016
  49.5567
  49.6118
  49.6669
  49.7219
  49.7770
  49.8320
  49.8871
  49.9421
  49.9971
  50.0521
  50.1071
  50.1621
  50.2170
  50.2720
  50.3269
  50.3819
  50.4368
  50.4917
  50.5466
  50.6015
  50.6564
  50.7113
  50.7661
  50.8210
  50.8758
  50.9306
  50.9854
  51.0402
  51.0950
  51.1498
  51.2046
  51.2593
  51.3141
  51.3688
  51.4235
  51.4783
  51.5330
  51.5877
  51.6423
  51.6970
  51.7517
  51.8063
  51.8610
  51.9156
  51.9702
  52.0248
  52.0794
  52.1340
  52.1886
  52.2431
  52.2977
  52.3522
  52.4067
  52.4613
  52.5158
  52.5703
  52.6248
  52.6792
  52.7337
  52.7882
  52.8426
  52.8970
  52.9514
  53.0059
  53.0603
  53.1146
  53.1690
  53.2234
  53.2777
  53.3321
  53.3864
  53.4407
  53.4951
  53.5494
  53.6036
  53.6579
  53.7122
  53.7664
  53.8207
  53.8749
  53.9292
  53.9834
  54.0376
  54.0918
  54.1459
  54.2001
  54.2543
  54.3084
  54.3626
  54.4167
  54.4708
  54.5249
  54.5790
  54.6331
  54.6872
  54.7412
  54.7953
  54.8493
  54.9034
  54.9574
  55.0114
  55.0654
  55.1194
  55.1733
  55.2273
  55.2813
  55.3352
  55.3891
  55.4431
  55.4970
  55.5509
  55.6048
  55.6586
  55.7125
  55.7664
  55.8202
  55.8741
  55.9279
  55.9817
  56.0355
  56.0893
  56.1431
  56.1968
  56.2506
  56.3044
  56.3581
  56.4118
  56.4655
  56.5192
  56.5729
  56.6266
  56.6803
  56.7340
  56.7876
  56.8413
  56.8949
  56.9485
  57.0021
  57.0557
  57.1093
  57.1629
  57.2165
  57.2700
  57.3236
  57.3771
  57.4306
  57.4841
  57.5376
  57.5911
  57.6446
  57.6981
  57.7515
  57.8050
  57.8584
  57.9119
  57.9653
  58.0187
  58.0721
  58.1255
  58.1788
  58.2322
  58.2856
  58.3389
  58.3922
  58.4456
  58.4989
  58.5522
  58.6055
  58.6587
  58.7120
  58.7653
  58.8185
  58.8718
  58.9250
  58.9782
  59.0314
  59.0846
  59.1378
  59.1909
  59.2441
  59.2973
  59.3504
  59.4035
  59.4566
  59.5098
  59.5629
  59.6159
  59.6690
  59.7221
  59.7751
  59.8282
  59.8812
  59.9342
  59.9873
  60.0403
  60.0933
  60.1462
  60.1992
  60.2522
  60.3051
  60.3581
  60.4110
  60.4639
  60.5168
  60.5697
  60.6226
  60.6755
  60.7283
  60.7812
  60.8340
  60.8869
  60.9397
  60.9925
  61.0453
  61.0981
  61.1509
  61.2036
  61.2564
  61.3092
  61.3619
  61.4146
  61.4673
  61.5200
  61.5727
  61.6254
  61.6781
  61.7308
  61.7834
  61.8361
  61.8887
  61.9413
  61.9939
  62.0465
  62.0991
  62.1517
  62.2043
  62.2568
  62.3094
  62.3619
  62.4144
  62.4670
  62.5195
  62.5720
  62.6244
  62.6769
  62.7294
  62.7818
  62.8343
  62.8867
  62.9391
  62.9916
  63.0440
  63.0963
  63.1487
  63.2011
  63.2535
  63.3058
  63.3581
  63.4105
  63.4628
  63.5151
  63.5674
  63.6197
  63.6720
  63.7242
  63.7765
  63.8287
  63.8810
  63.9332
  63.9854
  64.0376
  64.0898
  64.1420
  64.1941
  64.2463
  64.2985
  64.3506
  64.4027
  64.4548
  64.5070
  64.5591
  64.6111
  64.6632
  64.7153
  64.7673
  64.8194
  64.8714
  64.9235
  64.9755
  65.0275
  65.0795
  65.1315
  65.1834
  65.2354
  65.2873
  65.3393
  65.3912
  65.4431
  65.4950
  65.5470
  65.5988
  65.6507
  65.7026
  65.7544
  65.8063
  65.8581
  65.9100
  65.9618
  66.0136
  66.0654
  66.1172
  66.1690
  66.2207
  66.2725
  66.3242
  66.3760
  66.4277
  66.4794
  66.5311
  66.5828
  66.6345
  66.6861
  66.7378
  66.7895
  66.8411
  66.8927
  66.9444
  66.9960
  67.0476
  67.0992
  67.1507
  67.2023
  67.2539
  67.3054
  67.3570
  67.4085
  67.4600
  67.5115
  67.5630
  67.6145
  67.6660
  67.7174
  67.7689
  67.8204
  67.8718
  67.9232
  67.9746
  68.0260
  68.0774
  68.1288
  68.1802
  68.2315
  68.2829
  68.3342
  68.3856
  68.4369
  68.4882
  68.5395
  68.5908
  68.6421
  68.6934
  68.7446
  68.7959
  68.8471
  68.8983
  68.9496
  69.0008
  69.0520
  69.1032
  69.1544
  69.2055
  69.2567
  69.3078
  69.3590
  69.4101
  69.4612
  69.5123
  69.5634
  69.6145
  69.6656
  69.7166
  69.7677
  69.8187
  69.8698
  69.9208
  69.9718
  70.0228
  70.0738
  70.1248
  70.1758
  70.2267
  70.2777
  70.3286
  70.3796
  70.4305
  70.4814
  70.5323
  70.5832
  70.6341
  70.6850
  70.7358
  70.7867
  70.8375
  70.8884
  70.9392
  70.9900
  71.0408
  71.0916
  71.1424
  71.1931
  71.2439
  71.2946
  71.3454
  71.3961
  71.4468
  71.4975
  71.5482
  71.5989
  71.6496
  71.7003
  71.7509
  71.8016
  71.8522
  71.9029
  71.9535
  72.0041
  72.0547
  72.1053
  72.1558
  72.2064
  72.2570
  72.3075
  72.3581
  72.4086
  72.4591
  72.5096
  72.5601
  72.6106
  72.6611
  72.7116
  72.7620
  72.8125
  72.8629
  72.9133
  72.9637
  73.0142
  73.0646
  73.1149
  73.1653
  73.2157
  73.2660
  73.3164
  73.3667
  73.4170
  73.4674
  73.5177
  73.5680
  73.6182
  73.6685
  73.7188
  73.7691
  73.8193
  73.8695
  73.9198
  73.9700
  74.0202
  74.0704
  74.1206
  74.1707
  74.2209
  74.2711
  74.3212
  74.3713
  74.4215
  74.4716
  74.5217
  74.5718
  74.6219
  74.6720
  74.7220
  74.7721
  74.8221
  74.8722
  74.9222
  74.9722
  75.0222
  75.0722
  75.1222
  75.1722
  75.2221
  75.2721
  75.3220
  75.3720
  75.4219
  75.4718
  75.5217
  75.5716
  75.6215
  75.6714
  75.7212
  75.7711
  75.8209
  75.8708
  75.9206
  75.9704
  76.0202
  76.0700
  76.1198
  76.1696
  76.2193
  76.2691
  76.3188
  76.3686
  76.4183
  76.4680
  76.5177
  76.5674
  76.6171
  76.6668
  76.7165
  76.7661
  76.8158
  76.8654
  76.9150
  76.9646
  77.0142
  77.0638
  77.1134
  77.1630
  77.2126
  77.2621
  77.3117
  77.3612
  77.4107
  77.4603
  77.5098
  77.5593
  77.6088
  77.6582
  77.7077
  77.7572
  77.8066
  77.8560
  77.9055
  77.9549
  78.0043
  78.0537
  78.1031
  78.1525
  78.2018
  78.2512
  78.3006
  78.3499
  78.3992
  78.4485
  78.4978
  78.5471
  78.5964
  78.6457
  78.6950
  78.7443
  78.7935
  78.8427
  78.8920
  78.9412
  78.9904
  79.0396
  79.0888
  79.1380
  79.1872
  79.2363
  79.2855
  79.3346
  79.3838
  79.4329
  79.4820
  79.5311
  79.5802
  79.6293
  79.6783
  79.7274
  79.7765
  79.8255
  79.8745
  79.9236
  79.9726
  80.0216
  80.0706
  80.1196
  80.1685
  80.2175
  80.2665
  80.3154
  80.3644
  80.4133
  80.4622
  80.5111
  80.5600
  80.6089
  80.6578
  80.7066
  80.7555
  80.8044
  80.8532
  80.9020
  80.9508
  80.9996
  81.0484
  81.0972
  81.1460
  81.1948
  81.2435
  81.2923
  81.3410
  81.3898
  81.4385
  81.4872
  81.5359
  81.5846
  81.6333
  81.6820
  81.7306
  81.7793
  81.8279
  81.8766
  81.9252
  81.9738
  82.0224
  82.0710
  82.1196
  82.1682
  82.2167
  82.2653
  82.3138
  82.3624
  82.4109
  82.4594
  82.5079
  82.5564
  82.6049
  82.6534
  82.7019
  82.7503
  82.7988
  82.8472
  82.8956
  82.9441
  82.9925
  83.0409
  83.0893
  83.1376
  83.1860
  83.2344
  83.2827
  83.3311
  83.3794
  83.4277
  83.4761
  83.5244
  83.5726
  83.6209
  83.6692
  83.7175
  83.7657
  83.8140
  83.8622
  83.9104
  83.9587
  84.0069
  84.0551
  84.1033
  84.1514
  84.1996
  84.2478
  84.2959
  84.3441
  84.3922
  84.4403
  84.4884
  84.5365
  84.5846
  84.6327
  84.6808
  84.7288
  84.7769
  84.8249
  84.8730
  84.9210
  84.9690
  85.0170
  85.0650
  85.1130
  85.1610
  85.2089
  85.2569
  85.3049
  85.3528
  85.4007
  85.4486
  85.4966
  85.5444
  85.5923
  85.6402
  85.6881
  85.7360
  85.7838
  85.8316
  85.8795
  85.9273
  85.9751
  86.0229
  86.0707
  86.1185
  86.1663
  86.2141
  86.2618
  86.3096
  86.3573
  86.4050
  86.4527
  86.5005
  86.5481
  86.5958
  86.6435
  86.6912
  86.7389
  86.7865
  86.8342
  86.8818
  86.9294
  86.9770
  87.0246
  87.0722
  87.1198
  87.1674
  87.2150
  87.2625
  87.3101
  87.3576
  87.4051
  87.4526
  87.5001
  87.5476
  87.5951
  87.6426
  87.6901
  87.7375
  87.7850
  87.8324
  87.8799
  87.9273
  87.9747
  88.0221
  88.0695
  88.1169
  88.1643
  88.2116
  88.2590
  88.3064
  88.3537
  88.4010
  88.4483
  88.4957
  88.5430
  88.5902
  88.6375
  88.6848
  88.7321
  88.7793
  88.8266
  88.8738
  88.9210
  88.9682
  89.0154
  89.0626
  89.1098
  89.1570
  89.2042
  89.2513
  89.2985
  89.3456
  89.3928
  89.4399
  89.4870
  89.5341
  89.5812
  89.6283
  89.6753
  89.7224
  89.7695
  89.8165
  89.8635
  89.9106
  89.9576
  90.0046
  90.0516
  90.0986
  90.1456
  90.1925
  90.2395
  90.2864
  90.3334
  90.3803
  90.4272
  90.4742
  90.5211
  90.5680
  90.6148
  90.6617
  90.7086
  90.7554
  90.8023
  90.8491
  90.8960
  90.9428
  90.9896
  91.0364
  91.0832
  91.1300
  91.1768
  91.2235
  91.2703
  91.3170
  91.3638
  91.4105
  91.4572
  91.5039
  91.5506
  91.5973
  91.6440
  91.6907
  91.7373
  91.7840
  91.8306
  91.8772
  91.9239
  91.9705
  92.0171
  92.0637
  92.1103
  92.1569
  92.2034
  92.2500
  92.2965
  92.3431
  92.3896
  92.4361
  92.4826
  92.5291
  92.5756
  92.6221
  92.6686
  92.7151
  92.7615
  92.8080
  92.8544
  92.9008
  92.9473
  92.9937
  93.0401
  93.0865
  93.1328
  93.1792
  93.2256
  93.2719
  93.3183
  93.3646
  93.4109
  93.4573
  93.5036
  93.5499
  93.5962
  93.6424
  93.6887
  93.7350
  93.7812
  93.8275
  93.8737
  93.9199
  93.9661
  94.0124
  94.0585
  94.1047
  94.1509
  94.1971
  94.2432
  94.2894
  94.3355
  94.3817
  94.4278
  94.4739
  94.5200
  94.5661
  94.6122
  94.6583
  94.7043
  94.7504
  94.7965
  94.8425
  94.8885
  94.9345
  94.9806
  95.0266
  95.0726
  95.1185
  95.1645
  95.2105
  95.2564
  95.3024
  95.3483
  95.3943
  95.4402
  95.4861
  95.5320
  95.5779
  95.6238
  95.6697
  95.7155
  95.7614
  95.8072
  95.8531
  95.8989
  95.9447
  95.9905
  96.0363
  96.0821
  96.1279
  96.1737
  96.2195
  96.2652
  96.3110
  96.3567
  96.4024
  96.4481
  96.4939
  96.5396
  96.5852
  96.6309
  96.6766
  96.7223
  96.7679
  96.8136
  96.8592
  96.9048
  96.9505
  96.9961
  97.0417
  97.0873
  97.1328
  97.1784
  97.2240
  97.2695
  97.3151
  97.3606
  97.4061
  97.4517
  97.4972
  97.5427
  97.5882
  97.6336
  97.6791
  97.7246
  97.7700
  97.8155
  97.8609
  97.9063
  97.9518
  97.9972
  98.0426
  98.0880
  98.1334
  98.1787
  98.2241
  98.2694
  98.3148
  98.3601
  98.4055
  98.4508
  98.4961
  98.5414
  98.5867
  98.6320
  98.6772
  98.7225
  98.7678
  98.8130
  98.8582
  98.9035
  98.9487
  98.9939
  99.0391
  99.0843
  99.1295
  99.1746
  99.2198
  99.2650
  99.3101
  99.3553
  99.4004
  99.4455
  99.4906
  99.5357
  99.5808
  99.6259
  99.6710
  99.7160
  99.7611
  99.8061
  99.8512
  99.8962
  99.9412
  99.9862
 100.0312
 100.0762
 100.1212
 100.1662
 100.2112
 100.2561
 100.3011
 100.3460
 100.3909
 100.4359
 100.4808
 100.5257
 100.5706
 100.6155
 100.6603
 100.7052
 100.7501
 100.7949
 100.8398
 100.8846
 100.9294
 100.9742
 101.0190
 101.0638
 101.1086
 101.1534
 101.1982
 101.2429
 101.2877
 101.3324
 101.3772
 101.4219
 101.4666
 101.5113
 101.5560
 101.6007
 101.6454
 101.6900
 101.7347
 101.7794
 101.8240
 101.8686
 101.9133
 101.9579
 102.0025
 102.0471
 102.0917
 102.1363
 102.1808
 102.2254
 102.2699
 102.3145
 102.3590
 102.4036
 102.4481
 102.4926
 102.5371
 102.5816
 102.6261
 102.6705
 102.7150
 102.7595
 102.8039
 102.8484
 102.8928
 102.9372
 102.9816
 103.0260
 103.0704
 103.1148
 103.1592
 103.2035
 103.2479
 103.2923
 103.3366
 103.3809
 103.4253
 103.4696
 103.5139
 103.5582
 103.6025
 103.6467
 103.6910
 103.7353
 103.7795
 103.8238
 103.8680
 103.9122
 103.9564
 104.0007
 104.0449
 104.0890
 104.1332
 104.1774
 104.2216
 104.2657
 104.3099
 104.3540
 104.3981
 104.4423
 104.4864
 104.5305
 104.5746
 104.6186
 104.6627
 104.7068
 104.7508
 104.7949
 104.8389
 104.8830
 104.9270
 104.9710
 105.0150
 105.0590
 105.1030
 105.1470
 105.1909
 105.2349
 105.2789
 105.3228
 105.3667
 105.4107
 105.4546
 105.4985
 105.5424
 105.5863
 105.6302
 105.6740
 105.7179
 105.7618
 105.8056
 105.8494
 105.8933
 105.9371
 105.9809
 106.0247
 106.0685
 106.1123
 106.1561
 106.1998
 106.2436
 106.2874
 106.3311
 106.3748
 106.4186
 106.4623
 106.5060
 106.5497
 106.5934
 106.6371
 106.6807
 106.7244
 106.7680
 106.8117
 106.8553
 106.8990
 106.9426
 106.9862
 107.0298
 107.0734
 107.1170
 107.1606
 107.2041
 107.2477
 107.2912
 107.3348
 107.3783
 107.4218
 107.4653
 107.5089
 107.5524
 107.5958
 107.6393
 107.6828
 107.7263
 107.7697
 107.8132
 107.8566
 107.9000
 107.9434
 107.9869
 108.0303
 108.0737
 108.1170
 108.1604
 108.2038
 108.2471
 108.2905
 108.3338
 108.3772
 108.4205
 108.4638
 108.5071
 108.5504
 108.5937
 108.6370
 108.6803
 108.7235
 108.7668
 108.8100
 108.8533
 108.8965
 108.9397
 108.9829
 109.0261
 109.0693
 109.1125
 109.1557
 109.1989
 109.2420
 109.2852
 109.3283
 109.3714
 109.4146
 109.4577
 109.5008
 109.5439
 109.5870
 109.6301
 109.6731
 109.7162
 109.7593
 109.8023
 109.8454
 109.8884
 109.9314
 109.9744
 110.0174
 110.0604
 110.1034
 110.1464
 110.1894
 110.2323
 110.2753
 110.3182
 110.3612
 110.4041
 110.4470
 110.4899
 110.5328
 110.5757
 110.6186
 110.6615
 110.7043
 110.7472
 110.7901
 110.8329
 110.8757
 110.9186
 110.9614
 111.0042
 111.0470
 111.0898
 111.1326
 111.1753
 111.2181
 111.2608
 111.3036
 111.3463
 111.3891
 111.4318
 111.4745
 111.5172
 111.5599
 111.6026
 111.6453
 111.6879
 111.7306
 111.7733
 111.8159
 111.8585
 111.9012
 111.9438
 111.9864
 112.0290
 112.0716
 112.1142
 112.1568
 112.1993
 112.2419
 112.2844
 112.3270
 112.3695
 112.4120
 112.4546
 112.4971
 112.5396
 112.5821
 112.6245
 112.6670
 112.7095
 112.7519
 112.7944
 112.8368
 112.8793
 112.9217
 112.9641
 113.0065
 113.0489
 113.0913
 113.1337
 113.1761
 113.2184
 113.2608
 113.3031
 113.3455
 113.3878
 113.4301
 113.4724
 113.5147
 113.5570
 113.5993
 113.6416
 113.6839
 113.7262
 113.7684
 113.8107
 113.8529
 113.8951
 113.9373
 113.9796
 114.0218
 114.0640
 114.1061
 114.1483
 114.1905
 114.2327
 114.2748
 114.3169
 114.3591
 114.4012
 114.4433
 114.4855
 114.5276
 114.5696
 114.6117
 114.6538
 114.6959
 114.7379
 114.7800
 114.8220
 114.8641
 114.9061
 114.9481
 114.9901
 115.0321
 115.0741
 115.1161
 115.1581
 115.2001
 115.2420
 115.2840
 115.3259
 115.3678
 115.4098
 115.4517
 115.4936
 115.5355
 115.5774
 115.6193
 115.6611
 115.7030
 115.7449
 115.7867
 115.8286
 115.8704
 115.9122
 115.9540
 115.9958
 116.0377
 116.0794
 116.1212
 116.1630
 116.2048
 116.2465
 116.2883
 116.3300
 116.3718
 116.4135
 116.4552
 116.4969
 116.5386
 116.5803
 116.6220
 116.6637
 116.7053
 116.7470
 116.7886
 116.8303
 116.8719
 116.9135
 116.9552
 116.9968
 117.0384
 117.0800
 117.1216
 117.1631
 117.2047
 117.2462
 117.2878
 117.3293
 117.3709
 117.4124
 117.4539
 117.4954
 117.5369
 117.5784
 117.6199
 117.6614
 117.7029
 117.7443
 117.7858
 117.8272
 117.8686
 117.9101
 117.9515
 117.9929
 118.0343
 118.0757
 118.1171
 118.1584
 118.1998
 118.2412
 118.2825
 118.3239
 118.3652
 118.4065
 118.4479
 118.4892
 118.5305
 118.5718
 118.6130
 118.6543
 118.6956
 118.7368
 118.7781
 118.8193
 118.8606
 118.9018
 118.9430
 118.9842
 119.0255
 119.0666
 119.1078
 119.1490
 119.1902
 119.2313
 119.2725
 119.3136
 119.3548
 119.3959
 119.4370
 119.4781
 119.5192
 119.5603
 119.6014
 119.6425
 119.6836
 119.7246
 119.7657
 119.8067
 119.8478
 119.8888
 119.9298
 119.9708
 120.0118
 120.0528
 120.0938
 120.1348
 120.1758
 120.2168
 120.2577
 120.2987
 120.3396
 120.3805
 120.4214
 120.4624
 120.5033
 120.5442
 120.5851
 120.6260
 120.6668
 120.7077
 120.7486
 120.7894
 120.8302
 120.8711
 120.9119
 120.9527
 120.9935
 121.0343
 121.0751
 121.1159
 121.1567
 121.1975
 121.2382
 121.2790
 121.3197
 121.3604
 121.4012
 121.4419
 121.4826
 121.5233
 121.5640
 121.6047
 121.6454
 121.6860
 121.7267
 121.7674
 121.8080
 121.8486
 121.8893
 121.9299
 121.9705
 122.0111
 122.0517
 122.0923
 122.1329
 122.1734
 122.2140
 122.2546
 122.2951
 122.3357
 122.3762
 122.4167
 122.4572
 122.4978
 122.5383
 122.5787
 122.6192
 122.6597
 122.7002
 122.7406
 122.7811
 122.8215
 122.8620
 122.9024
 122.9428
 122.9832
 123.0236
 123.0640
 123.1044
 123.1448
 123.1852
 123.2255
 123.2659
 123.3062
 123.3466
 123.3869
 123.4272
 123.4675
 123.5078
 123.5481
 123.5884
 123.6287
 123.6690
 123.7092
 123.7495
 123.7898
 123.8300
 123.8702
 123.9105
 123.9507
 123.9909
 124.0311
 124.0713
 124.1115
 124.1516
 124.1918
 124.2320
 124.2721
 124.3123
 124.3524
 124.3925
 124.4327
 124.4728
 124.5129
 124.5530
 124.5931
 124.6332
 124.6732
 124.7133
 124.7533
 124.7934
 124.8334
 124.8735
 124.9135
 124.9535
 124.9935
 125.0335
 125.0735
 125.1135
 125.1535
 125.1934
 125.2334
 125.2734
 125.3133
 125.3532
 125.3932
 125.4331
 125.4730
 125.5129
 125.5528
 125.5927
 125.6326
 125.6724
 125.7123
 125.7522
 125.7920
 125.8319
 125.8717
 125.9115
 125.9513
 125.9911
 126.0309
 126.0707
 126.1105
 126.1503
 126.1901
 126.2298
 126.2696
 126.3093
 126.3491
 126.3888
 126.4285
 126.4683
 126.5080
 126.5477
 126.5873
 126.6270
 126.6667
 126.7064
 126.7460
 126.7857
 126.8253
 126.8649
 126.9046
 126.9442
 126.9838
 127.0234
 127.0630
 127.1026
 127.1422
 127.1817
 127.2213
 127.2609
 127.3004
 127.3400
 127.3795
 127.4190
 127.4585
 127.4980
 127.5375
 127.5770
 127.6165
 127.6560
 127.6955
 127.7349
 127.7744
 127.8138
 127.8532
 127.8927
 127.9321
 127.9715
 128.0109
 128.0503
 128.0897
 128.1291
 128.1684
 128.2078
 128.2472
 128.2865
 128.3259
 128.3652
 128.4045
 128.4438
 128.4831
 128.5224
 128.5617
 128.6010
 128.6403
 128.6796
 128.7188
 128.7581
 128.7973
 128.8366
 128.8758
 128.9151
 128.9543
 128.9935
 129.0327
 129.0719
 129.1111
 129.1503
 129.1894
 129.2286
 129.2677
 129.3069
 129.3460
 129.3852
 129.4243
 129.4634
 129.5025
 129.5416
 129.5807
 129.6198
 129.6588
 129.6979
 129.7370
 129.7760
 129.8151
 129.8541
 129.8931
 129.9321
 129.9712
 130.0102
 130.0492
 130.0882
 130.1271
 130.1661
 130.2051
 130.2440
 130.2830
 130.3219
 130.3609
 130.3998
 130.4387
 130.4776
 130.5165
 130.5554
 130.5943
 130.6332
 130.6721
 130.7110
 130.7498
 130.7887
 130.8275
 130.8663
 130.9052
 130.9440
 130.9828
 131.0216
 131.0604
 131.0992
 131.1380
 131.1768
 131.2155
 131.2543
 131.2930
 131.3318
 131.3705
 131.4092
 131.4479
 131.4866
 131.5253
 131.5640
 131.6027
 131.6414
 131.6801
 131.7187
 131.7574
 131.7960
 131.8347
 131.8733
 131.9119
 131.9505
 131.9891
 132.0277
 132.0663
 132.1049
 132.1435
 132.1821
 132.2206
 132.2592
 132.2977
 132.3363
 132.3748
 132.4133
 132.4518
 132.4904
 132.5289
 132.5674
 132.6058
 132.6443
 132.6828
 132.7213
 132.7597
 132.7982
 132.8366
 132.8750
 132.9135
 132.9519
 132.9903
 133.0287
 133.0671
 133.1055
 133.1438
 133.1822
 133.2206
 133.2589
 133.2973
 133.3356
 133.3740
 133.4123
 133.4506
 133.4889
 133.5272
 133.5655
 133.6038
 133.6421
 133.6804
 133.7186
 133.7569
 133.7951
 133.8334
 133.8716
 133.9098
 133.9481
 133.9863
 134.0245
 134.0627
 134.1009
 134.1390
 134.1772
 134.2154
 134.2535
 134.2917
 134.3298
 134.3680
 134.4061
 134.4442
 134.4823
 134.5204
 134.5585
 134.5966
 134.6347
 134.6728
 134.7108
 134.7489
 134.7870
 134.8250
 134.8630
 134.9011
 134.9391
 134.9771
 135.0151
 135.0531
 135.0911
 135.1291
 135.1671
 135.2050
 135.2430
 135.2809
 135.3189
 135.3568
 135.3947
 135.4327
 135.4706
 135.5085
 135.5464
 135.5843
 135.6222
 135.6600
 135.6979
 135.7358
 135.7736
 135.8115
 135.8493
 135.8871
 135.9250
 135.9628
 136.0006
 136.0384
 136.0762
 136.1140
 136.1517
 136.1895
 136.2273
 136.2650
 136.3028
 136.3405
 136.3782
 136.4160
 136.4537
 136.4914
 136.5291
 136.5668
 136.6045
 136.6421
 136.6798
 136.7175
 136.7551
 136.7928
 136.8304
 136.8680
 136.9057
 136.9433
 136.9809
 137.0185
 137.0561
 137.0937
 137.1313
 137.1688
 137.2064
 137.2439
 137.2815
 137.3190
 137.3566
 137.3941
 137.4316
 137.4691
 137.5066
 137.5441
 137.5816
 137.6191
 137.6566
 137.6941
 137.7315
 137.7690
 137.8064
 137.8439
 137.8813
 137.9187
 137.9561
 137.9936
 138.0310
 138.0684
 138.1057
 138.1431
 138.1805
 138.2179
 138.2552
 138.2926
 138.3299
 138.3672
 138.4046
 138.4419
 138.4792
 138.5165
 138.5538
 138.5911
 138.6284
 138.6656
 138.7029
 138.7402
 138.7774
 138.8147
 138.8519
 138.8891
 138.9263
 138.9636
 139.0008
 139.0380
 139.0751
 139.1123
 139.1495
 139.1867
 139.2238
 139.2610
 139.2981
 139.3353
 139.3724
 139.4095
 139.4467
 139.4838
 139.5209
 139.5580
 139.5951
 139.6322
 139.6692
 139.7063
 139.7434
 139.7804
 139.8175
 139.8545
 139.8915
 139.9285
 139.9656
 140.0026
 140.0396
 140.0766
 140.1135
 140.1505
 140.1875
 140.2244
 140.2614
 140.2983
 140.3353
 140.3722
 140.4091
 140.4460
 140.4830
 140.5199
 140.5568
 140.5937
 140.6305
 140.6674
 140.7043
 140.7411
 140.7780
 140.8148
 140.8517
 140.8885
 140.9253
 140.9622
 140.9990
 141.0358
 141.0726
 141.1093
 141.1461
 141.1829
 141.2197
 141.2564
 141.2932
 141.3299
 141.3666
 141.4034
 141.4401
 141.4768
 141.5135
 141.5502
 141.5869
 141.6236
 141.6602
 141.6969
 141.7336
 141.7702
 141.8069
 141.8435
 141.8801
 141.9168
 141.9534
 141.9900
 142.0266
 142.0632
 142.0998
 142.1364
 142.1729
 142.2095
 142.2460
 142.2826
 142.3191
 142.3557
 142.3922
 142.4287
 142.4652
 142.5017
 142.5382
 142.5747
 142.6112
 142.6477
 142.6842
 142.7206
 142.7571
 142.7935
 142.8300
 142.8664
 142.9028
 142.9393
 142.9757
 143.0121
 143.0485
 143.0849
 143.1212
 143.1576
 143.1940
 143.2303
 143.2667
 143.3030
 143.3394
 143.3757
 143.4120
 143.4484
 143.4847
 143.5210
 143.5573
 143.5936
 143.6299
 143.6661
 143.7024
 143.7386
 143.7749
 143.8111
 143.8474
 143.8836
 143.9198
 143.9560
 143.9922
 144.0285
 144.0647
 144.1008
 144.1370
 144.1732
 144.2094
 144.2455
 144.2817
 144.3178
 144.3540
 144.3901
 144.4262
 144.4623
 144.4984
 144.5345
 144.5706
 144.6067
 144.6428
 144.6788
 144.7149
 144.7510
 144.7870
 144.8231
 144.8591
 144.8951
 144.9312
 144.9672
 145.0032
 145.0392
 145.0752
 145.1112
 145.1471
 145.1831
 145.2191
 145.2550
 145.2910
 145.3269
 145.3628
 145.3988
 145.4347
 145.4706
 145.5065
 145.5424
 145.5783
 145.6142
 145.6501
 145.6859
 145.7218
 145.7577
 145.7935
 145.8293
 145.8652
 145.9010
 145.9368
 145.9726
 146.0084
 146.0442
 146.0800
 146.1158
 146.1516
 146.1874
 146.2231
 146.2589
 146.2946
 146.3304
 146.3661
 146.4018
 146.4375
 146.4733
 146.5090
 146.5447
 146.5804
 146.6160
 146.6517
 146.6874
 146.7231
 146.7587
 146.7944
 146.8300
 146.8656
 146.9013
 146.9369
 146.9725
 147.0081
 147.0437
 147.0793
 147.1149
 147.1505
 147.1860
 147.2216
 147.2571
 147.2927
 147.3282
 147.3638
 147.3993
 147.4348
 147.4703
 147.5058
 147.5413
 147.5768
 147.6123
 147.6478
 147.6833
 147.7187
 147.7542
 147.7896
 147.8251
 147.8605
 147.8959
 147.9314
 147.9668
 148.0022
 148.0376
 148.0730
 148.1083
 148.1437
 148.1791
 148.2145
 148.2498
 148.2852
 148.3205
 148.3559
 148.3912
 148.4265
 148.4618
 148.4971
 148.5324
 148.5677
 148.6030
 148.6383
 148.6736
 148.7088
 148.7441
 148.7793
 148.8146
 148.8498
 148.8850
 148.9203
 148.9555
 148.9907
 149.0259
 149.0611
 149.0963
 149.1315
 149.1666
 149.2018
 149.2370
 149.2721
 149.3073
 149.3424
 149.3775
 149.4126
 149.4478
 149.4829
 149.5180
 149.5531
 149.5882
 149.6232
 149.6583
 149.6934
 149.7285
 149.7635
 149.7986
 149.8336
 149.8686
 149.9036
 149.9387
 149.9737
 150.0087
 150.0437
 150.0787
 150.1137
 150.1486
 150.1836
 150.2186
 150.2535
 150.2885
 150.3234
 150.3584
 150.3933
 150.4282
 150.4631
 150.4980
 150.5329
 150.5678
 150.6027
 150.6376
 150.6725
 150.7073
 150.7422
 150.7770
 150.8119
 150.8467
 150.8815
 150.9164
 150.9512
 150.9860
 151.0208
 151.0556
 151.0904
 151.1252
 151.1599
 151.1947
 151.2295
 151.2642
 151.2990
 151.3337
 151.3684
 151.4032
 151.4379
 151.4726
 151.5073
 151.5420
 151.5767
 151.6114
 151.6461
 151.6807
 151.7154
 151.7500
 151.7847
 151.8193
 151.8540
 151.8886
 151.9232
 151.9578
 151.9924
 152.0271
 152.0616
 152.0962
 152.1308
 152.1654
 152.2000
 152.2345
 152.2691
 152.3036
 152.3382
 152.3727
 152.4072
 152.4417
 152.4762
 152.5107
 152.5452
 152.5797
 152.6142
 152.6487
 152.6832
 152.7176
 152.7521
 152.7865
 152.8210
 152.8554
 152.8898
 152.9243
 152.9587
 152.9931
 153.0275
 153.0619
 153.0963
 153.1306
 153.1650
 153.1994
 153.2337
 153.2681
 153.3024
 153.3368
 153.3711
 153.4054
 153.4398
 153.4741
 153.5084
 153.5427
 153.5770
 153.6113
 153.6455
 153.6798
 153.7141
 153.7483
 153.7826
 153.8168
 153.8511
 153.8853
 153.9195
 153.9537
 153.9879
 154.0221
 154.0563
 154.0905
 154.1247
 154.1589
 154.1930
 154.2272
 154.2614
 154.2955
 154.3296
 154.3638
 154.3979
 154.4320
 154.4661
 154.5002
 154.5343
 154.5684
 154.6025
 154.6366
 154.6707
 154.7047
 154.7388
 154.7729
 154.8069
 154.8409
 154.8750
 154.9090
 154.9430
 154.9770
 155.0110
 155.0450
 155.0790
 155.1130
 155.1470
 155.1810
 155.2149
 155.2489
 155.2828
 155.3168
 155.3507
 155.3846
 155.4186
 155.4525
 155.4864
 155.5203
 155.5542
 155.5881
 155.6220
 155.6558
 155.6897
 155.7236
 155.7574
 155.7913
 155.8251
 155.8589
 155.8928
 155.9266
 155.9604
 155.9942
 156.0280
 156.0618
 156.0956
 156.1294
 156.1632
 156.1969
 156.2307
 156.2645
 156.2982
 156.3319
 156.3657
 156.3994
 156.4331
 156.4668
 156.5005
 156.5342
 156.5679
 156.6016
 156.6353
 156.6690
 156.7026
 156.7363
 156.7699
 156.8036
 156.8372
 156.8709
 156.9045
 156.9381
 156.9717
 157.0053
 157.0389
 157.0725
 157.1061
 157.1397
 157.1732
 157.2068
 157.2404
 157.2739
 157.3075
 157.3410
 157.3745
 157.4081
 157.4416
 157.4751
 157.5086
 157.5421
 157.5756
 157.6091
 157.6425
 157.6760
 157.7095
 157.7430
 157.7764
 157.8098
 157.8433
 157.8767
 157.9101
 157.9436
 157.9770
 158.0104
 158.0438
 158.0772
 158.1105
 158.1439
 158.1773
 158.2107
 158.2440
 158.2774
 158.3107
 158.3441
 158.3774
 158.4107
 158.4440
 158.4773
 158.5107
 158.5439
 158.5772
 158.6105
 158.6438
 158.6771
 158.7103
 158.7436
 158.7768
 158.8101
 158.8433
 158.8766
 158.9098
 158.9430
 158.9762
 159.0094
 159.0426
 159.0758
 159.1090
 159.1422
 159.1753
 159.2085
 159.2417
 159.2748
 159.3080
 159.3411
 159.3742
 159.4073
 159.4405
 159.4736
 159.5067
 159.5398
 159.5729
 159.6060
 159.6390
 159.6721
 159.7052
 159.7382
 159.7713
 159.8043
 159.8374
 159.8704
 159.9034
 159.9364
 159.9695
 160.0025
 160.0355
 160.0685
 160.1015
 160.1344
 160.1674
 160.2004
 160.2333
 160.2663
 160.2992
 160.3322
 160.3651
 160.3980
 160.4309
 160.4639
 160.4968
 160.5297
 160.5626
 160.5954
 160.6283
 160.6612
 160.6941
 160.7269
 160.7598
 160.7926
 160.8255
 160.8583
 160.8911
 160.9240
 160.9568
 160.9896
 161.0224
 161.0552
 161.0880
 161.1207
 161.1535
 161.1863
 161.2191
 161.2518
 161.2846
 161.3173
 161.3500
 161.3828
 161.4155
 161.4482
 161.4809
 161.5136
 161.5463
 161.5790
 161.6117
 161.6444
 161.6770
 161.7097
 161.7424
 161.7750
 161.8077
 161.8403
 161.8729
 161.9056
 161.9382
 161.9708
 162.0034
 162.0360
 162.0686
 162.1012
 162.1338
 162.1663
 162.1989
 162.2315
 162.2640
 162.2966
 162.3291
 162.3616
 162.3942
 162.4267
 162.4592
 162.4917
 162.5242
 162.5567
 162.5892
 162.6217
 162.6541
 162.6866
 162.7191
 162.7515
 162.7840
 162.8164
 162.8489
 162.8813
 162.9137
 162.9461
 162.9785
 163.0109
 163.0433
 163.0757
 163.1081
 163.1405
 163.1729
 163.2052
 163.2376
 163.2699
 163.3023
 163.3346
 163.3670
 163.3993
 163.4316
 163.4639
 163.4962
 163.5285
 163.5608
 163.5931
 163.6254
 163.6577
 163.6899
 163.7222
 163.7545
 163.7867
 163.8189
 163.8512
 163.8834
 163.9156
 163.9478
 163.9801
 164.0123
 164.0445
 164.0767
 164.1088
 164.1410
 164.1732
 164.2054
 164.2375
 164.2697
 164.3018
 164.3340
 164.3661
 164.3982
 164.4303
 164.4624
 164.4946
 164.5267
 164.5587
 164.5908
 164.6229
 164.6550
 164.6871
 164.7191
 164.7512
 164.7832
 164.8153
 164.8473
 164.8793
 164.9114
 164.9434
 164.9754
 165.0074
 165.0394
 165.0714
 165.1034
 165.1354
 165.1673
 165.1993
 165.2313
 165.2632
 165.2952
 165.3271
 165.3590
 165.3910
 165.4229
 165.4548
 165.4867
 165.5186
 165.5505
 165.5824
 165.6143
 165.6462
 165.6780
 165.7099
 165.7418
 165.7736
 165.8055
 165.8373
 165.8691
 165.9010
 165.9328
 165.9646
 165.9964
 166.0282
 166.0600
 166.0918
 166.1236
 166.1553
 166.1871
 166.2189
 166.2506
 166.2824
 166.3141
 166.3459
 166.3776
 166.4093
 166.4410
 166.4727
 166.5045
 166.5361
 166.5678
 166.5995
 166.6312
 166.6629
 166.6945
 166.7262
 166.7579
 166.7895
 166.8212
 166.8528
 166.8844
 166.9160
 166.9477
 166.9793
 167.0109
 167.0425
 167.0741
 167.1057
 167.1372
 167.1688
 167.2004
 167.2319
 167.2635
 167.2950
 167.3266
 167.3581
 167.3896
 167.4212
 167.4527
 167.4842
 167.5157
 167.5472
 167.5787
 167.6102
 167.6416
 167.6731
 167.7046
 167.7360
 167.7675
 167.7989
 167.8304
 167.8618
 167.8932
 167.9247
 167.9561
 167.9875
 168.0189
 168.0503
 168.0817
 168.1131
 168.1444
 168.1758
 168.2072
 168.2385
 168.2699
 168.3012
 168.3326
 168.3639
 168.3952
 168.4265
 168.4579
 168.4892
 168.5205
